30
698
85
494
209
999
103
273
79
189
25
875
289
101
926
240
850
906
655
303
499
493
342
741
412
382
821
3
396
313
937
839
500
540
40
712
97
73
957
744
895
377
244
585
583
482
325
575
465
962
231
138
413
84
918
461
812
684
598
927
295
606
711
172
978
799
920
743
741
930
99
705
667
505
496
268
647
696
287
997
373
204
196
975
453
825
259
455
684
894
185
393
471
790
1000
254
847
396
262
945
734
16
63
249
816
884
482
855
789
438
430
798
328
835
692
37
66
851
534
958
138
849
635
359
159
439
106
867
236
972
813
760
485
250
474
439
703
852
780
843
222
838
189
843
770
197
845
682
490
559
401
395
987
352
412
121
814
684
499
901
148
825
538
771
181
665
653
561
977
608
553
961
76
363
166
454
653
683
680
326
389
756
97
62
311
205
388
880
639
93
621
850
565
859
208
495
29
475
649
400
158
876
356
148
276
382
124
698
151
167
818
818
168
282
609
371
298
287
335
982
311
507
231
444
492
994
538
632
221
999
273
599
40
694
461
663
450
959
158
702
93
928
702
719
996
489
230
833
594
130
908
609
731
421
126
60
685
936
317
531
678
669
975
528
736
371
751
347
182
428
619
291
680
75
553
656
878
548
573
498
597
472
234
960
56
783
576
666
743
684
860
832
489
813
738
330
953
278
454
363
420
182
248
105
19
787
977
655
719
676
786
952
747
73
947
952
151
52
921
776
569
661
451
549
462
884
953
923
475
783
266
779
94
775
765
980
406
126
543
277
545
667
274
325
191
658
390
638
438
485
530
991
568
144
655
136
22
985
814
686
111
942
139
584
273
362
991
392
488
476
794
468
704
759
670
881
995
107
712
272
443
282
466
783
476
93
677
641
140
112
249
18
569
478
369
986
46
950
630
160
617
967
329
253
110
564
655
69
60
392
417
410
932
205
923
481
271
564
35
897
545
202
483
589
610
536
4
581
539
327
117
92
10
890
193
301
122
128
836
187
124
51
147
699
614
855
476
638
835
547
33
122
333
1000
968
772
261
853
57
631
457
515
738
207
617
534
618
274
917
843
807
539
657
145
674
584
995
870
483
907
829
195
35
77
429
120
118
227
999
97
334
940
128
93
85
650
22
371
591
855
312
910
449
281
611
342
745
491
945
584
420
609
784
330
287
492
757
551
9
899
363
522
767
183
930
347
364
516
31
219
917
259
420
811
914
4
973
197
658
411
714
918
434
515
96
604
703
996
197
692
289
363
462
319
506
699
503
499
752
232
704
393
788
407
588
174
330
730
393
798
843
516
153
435
655
950
45
632
160
148
596
525
600
927
22
444
602
313
911
874
977
741
321
978
910
412
35
246
725
816
202
785
224
627
61
880
758
502
465
134
812
297
498
401
579
243
395
275
414
993
610
61
246
484
765
841
793
803
956
758
974
473
562
480
961
770
186
500
121
753
189
490
101
915
791
461
422
600
232
493
95
17
168
773
605
431
888
611
784
85
455
497
932
39
519
765
856
638
280
129
221
112
790
568
549
474
288
364
834
841
498
85
393
256
417
403
917
831
191
566
262
679
678
927
33
590
477
386
493
922
613
149
689
839
572
222
766
659
447
672
942
693
88
807
123
399
82
255
65
34
39
774
894
820
210
542
177
837
109
124
641
555
161
268
102
224
441
805
866
484
871
748
76
272
999
437
214
294
384
822
235
429
12
758
109
565
436
506
909
83
805
485
904
416
844
36
233
924
949
352
925
309
179
255
190
30
783
839
224
176
163
964
55
454
906
306
539
614
159
937
511
594
319
861
290
854
73
46
578
453
645
934
620
301
700
856
273
183
665
17
371
416
400
258
385
114
695
216
223
315
391
175
838
690
638
4
670
809
13
348
621
425
994
249
596
414
368
718
928
226
392
630
727
61
963
32
217
709
770
16
123
918
610
268
881
628
558
318
736
664
488
452
338
984
442
891
385
241
288
77
896
507
1
618
566
467
262
926
229
120
80
755
100
55
993
69
749
619
545
692
669
195
442
638
775
801
148
466
905
142
607
555
632
852
428
106
86
279
564
45
292
503
949
623
683
281
11
359
167
187
806
349
678
149
68
454
759
820
62
816
334
563
516
684
517
783
963
755
330
538
111
915
988
648
486
978
801
282
559
781
996
912
936
53
537
556
211
480
101
554
313
701
922
443
621
763
130
482
238
793
757
844
715
218
18
612
748
843
365
714
759
929
326
878
354
405
49
304
480
544
644
788
915
864
377
269
381
66
281
940
